$ANSIBLE_VAULT;1.1;AES256
65643638626366333764323933666533396336643966323264653631326137616231316236633630
6666616365376666616563333034653630616533353634650a326434303562386365303664613261
63386235306630303163633661313362306531363862323632643263613732346566643032343531
3933636538366564330a633937353963366130323235396236613964346565656665653630396631
64373430366466386563383232353937396139303266376435313633663966653263636564323239
37343464643936366435326364373336313035393562613235373161353934333931613935373135
39326434666265323339393462663663663161363539333735313936633766623432363763306433
61303636353133383730626332663664626234613166643934383631393133356364343863386537
34623932343230313733616263633336636239316266383766313730353138396163343135376638
38346536353435376362663234313538373264333134663632633130376438303638356537653463
34636365646331646565306362383264353631303839636331643066333134636262353133366130
34383662326430316236363438623834333465373136316332626432366538626338363535316165
31313633613935393032313537306537323865333464313462376435613462393837333035353638
62333630323732393862353739313633666163663263653738373866396634643466313463633739
32383163336435336566366337626331336437383131373735343635343937643464636563616538
63303237666664386433366237633832646530613664346438376230366432663166373864343634
33633739393632383938376630653661333261303265623061366163393130666332646630643232
61653666303161633733363136323465636233616439633231393737643863633833336361616662
65666464663063643266623431306131336336616337336435333036393162653862373539666562
34663464613138623935666363633133326265336364376531633032633765653531393161363462
65353137363939353138313931663236643139323062613366346430646362306365316534643761
63383364333736653765646561666335643138656464333465313137663966373634323061643664
36316138636535353763316261373631653165653734346631363738313936643534333264313864
30366530643163343961353130383337666333643265336637616161303130613664313464316366
62306132303232363330336630643564363939393364326534653932363038666639393032383461
35313263653366626131366338333962343265346536333731353431356466636563653436333365
39623231616434356361383838336333626165316635653834653130346266356136316261323136
64666336623663353635373831353235373333623066663538653138626662376662653566666164
63303330656331616566346162316361326639343833623665363131633262666163333734633731
36653432656138653463656161386531626133653665323231613638393135396432333730363561
66303835663939643363353661373834663036636333333737386233383635326561336363306638
35613530623064626533613333313632343563313336636539636161346335633132623830316364
30326563626238393135326236393161623965623266336631343138323235316331643361623563
66363530346238353839383836643364343462623965663631316235333864626530393633383139
66633361646232336631336231623033346232366238616534363731313165643535396162653137
65303166303636333264633164393934653861316563323666613133663335636262643161633436
65316131623932306464303837396563343832643631663138323032353137303731376235643831
62366231383637623064373437353230376134613030616262366365336536356133623836383766
33643762626561306130613066376633316634653539613465373137396661376566613138323535
38303639356264646634666162303164386432626330623862326637623965323039613936396534
65626166646233663732356130653730353564323037376132323434306431366333346431626632
64336335303438626234363965636539336434333033656463326638636461336433383964663465
34653635663736353663656134623062636431353630373331653163646439383063643232343735
33643530323865643834303636623363353938363837633333343436363138386438316662393836
39633736373964613465373434666434366461663763316533356437326663613762346332313332
3564623365393961333865326564336162373831646139336666
